MULTI-DIMENSION ARCHITECTURE COMPARISON SUMMARY
============================================================

1. MEAN ACTIVE NODES BY ARCHITECTURE & SPARSITY
------------------------------------------------------------
Architecture  3-2-3  4-3-4  5-2-5  8-3-8
Sparsity                                
0.30            0.0    1.9    0.0    2.9
0.50            1.7    1.5    1.8    2.9
0.75            1.9    0.0    2.0    2.7
0.80            1.0    0.3    1.6    2.8
0.85            1.0    0.3    1.1    2.0
0.90            2.0    0.0    1.9    2.1
0.95            0.1    0.0    1.9    2.0

2. DEAD NEURONS BY ARCHITECTURE & SPARSITY
------------------------------------------------------------
Architecture  3-2-3  4-3-4  5-2-5  8-3-8
Sparsity                                
0.30              3      2      5      5
0.50              1      1      3      5
0.75              1      4      3      5
0.80              2      3      2      5
0.85              2      3      3      6
0.90              1      4      3      3
0.95              1      4      3      5

3. PROCRUSTES SIMILARITY BY ARCHITECTURE & SPARSITY
------------------------------------------------------------
Architecture  3-2-3  4-3-4  5-2-5  8-3-8
Sparsity                                
0.30         -0.414  0.397 -0.414  0.988
0.50          0.989  0.996  0.987  0.985
0.75          0.977 -0.414  0.983  0.986
0.80          0.429  0.257  0.975  0.965
0.85          0.399  0.081  0.971  0.496
0.90          0.938 -0.414  0.948  0.958
0.95          0.455 -0.414  0.926  0.940

4. SAE L0 NORM BY ARCHITECTURE & SPARSITY
------------------------------------------------------------
Architecture  3-2-3  4-3-4  5-2-5  8-3-8
Sparsity                                
0.30          0.000  0.465  0.000  0.364
0.50          0.574  0.373  0.363  0.360
0.75          0.650  0.000  0.394  0.343
0.80          0.322  0.087  0.328  0.354
0.85          0.325  0.066  0.227  0.246
0.90          0.660  0.000  0.386  0.262
0.95          0.043  0.000  0.388  0.252