SMALL ARCHITECTURES SUPERPOSITION ANALYSIS
============================================================

1. AUTOENCODER LOSS BY ARCHITECTURE & SPARSITY
------------------------------------------------------------
Architecture  10-5-10  20-5-20  30-5-30
Sparsity                               
0.300          0.0583   0.0764   0.1029
0.500          0.0497   0.0639   0.0735
0.750          0.0466   0.0682   0.0353
0.800          0.0335   0.0396   0.1054
0.850          0.0803   0.1455   0.0583
0.875          0.0560   0.0968   0.0611
0.900          0.1084   0.0700   0.0369
0.925          0.0821   0.0301   0.0094
0.950          0.0354   0.0499   0.0382

2. DIAGONAL MEAN (SUPERPOSITION) BY ARCHITECTURE & SPARSITY
------------------------------------------------------------
Architecture  10-5-10  20-5-20  30-5-30
Sparsity                               
0.300           0.523    0.270    0.182
0.500           0.589    0.311    0.220
0.750           0.743    0.412    0.312
0.800           0.816    0.382    0.352
0.850           0.740    0.432    0.338
0.875           0.638    0.405    0.339
0.900           0.006    0.411    0.325
0.925           0.006    0.535    0.427
0.950           0.544    0.514    0.370

3. OFF-DIAGONAL MEAN (INTERFERENCE) BY ARCHITECTURE & SPARSITY
------------------------------------------------------------
Architecture  10-5-10  20-5-20  30-5-30
Sparsity                               
0.300          -0.001   -0.004   -0.003
0.500          -0.026   -0.008   -0.004
0.750          -0.055   -0.016   -0.009
0.800          -0.071   -0.012   -0.011
0.850          -0.056   -0.021   -0.011
0.875          -0.041   -0.019   -0.011
0.900          -0.000   -0.020   -0.009
0.925          -0.000   -0.027   -0.014
0.950          -0.032   -0.024   -0.007

4. MAX SUPERPOSITION VALUE BY ARCHITECTURE & SPARSITY
------------------------------------------------------------
Architecture  10-5-10  20-5-20  30-5-30
Sparsity                               
0.300           1.149    1.114    1.066
0.500           1.068    1.114    1.142
0.750           1.081    1.293    1.195
0.800           1.094    1.233    1.303
0.850           1.157    1.173    1.416
0.875           1.100    1.234    1.313
0.900           0.018    1.180    1.456
0.925           0.018    1.259    1.376
0.950           1.104    1.338    1.448