SMALL ARCHITECTURES SUPERPOSITION ANALYSIS
============================================================

1. AUTOENCODER LOSS BY ARCHITECTURE & SPARSITY
------------------------------------------------------------
Architecture   3-2-3   4-3-4   5-2-5   8-3-8
Sparsity                                    
0.30          0.0554  0.0394  0.1257  0.1072
0.50          0.0459  0.0362  0.1112  0.1078
0.75          0.0163  0.0095  0.0434  0.0872
0.80          0.0113  0.0692  0.0311  0.0458
0.85          0.0057  0.0515  0.0429  0.1100
0.90          0.0024  0.0352  0.0522  0.0339
0.95          0.0192  0.0009  0.0251  0.0344

2. DIAGONAL MEAN (SUPERPOSITION) BY ARCHITECTURE & SPARSITY
------------------------------------------------------------
Architecture  3-2-3  4-3-4  5-2-5  8-3-8
Sparsity                                
0.30          0.703  0.789  0.415  0.383
0.50          0.957  1.047  0.553  0.456
0.75          1.061  1.035  0.820  0.679
0.80          1.008  0.755  0.834  0.758
0.85          1.031  0.751  0.614  0.653
0.90          1.047  0.754  0.416  0.668
0.95          0.367  1.043  0.419  0.522

3. OFF-DIAGONAL MEAN (INTERFERENCE) BY ARCHITECTURE & SPARSITY
------------------------------------------------------------
Architecture  3-2-3  4-3-4  5-2-5  8-3-8
Sparsity                                
0.30         -0.004 -0.025 -0.029 -0.000
0.50         -0.297 -0.174 -0.071 -0.025
0.75         -0.373 -0.179 -0.204 -0.084
0.80         -0.356 -0.009 -0.207 -0.106
0.85         -0.379 -0.001 -0.110 -0.076
0.90         -0.382 -0.018 -0.031 -0.083
0.95         -0.064 -0.296 -0.041 -0.060

4. MAX SUPERPOSITION VALUE BY ARCHITECTURE & SPARSITY
------------------------------------------------------------
Architecture  3-2-3  4-3-4  5-2-5  8-3-8
Sparsity                                
0.30          1.089  1.066  1.033  1.040
0.50          1.035  1.115  1.104  1.004
0.75          1.141  1.086  1.094  1.195
0.80          1.013  1.022  1.076  1.365
0.85          1.064  1.002  1.184  1.067
0.90          1.064  1.029  1.042  1.169
0.95          1.066  1.088  1.059  1.061