FEATURE IMPORTANCE PATTERN EXPERIMENT SUMMARY\n============================================================\n\n1. SAE L0 NORM BY PATTERN & SPARSITY\n------------------------------------------------------------\nPattern   Gentle_Exp_0.9  Linear_Decay  Standard_Exp_0.7  Steep_Exp_0.5  Step_Function  Uniform
Sparsity                                                                                       
0.30               0.297         0.251             0.334          0.221          0.297    0.299
0.50               0.297         0.298             0.330          0.226          0.341    0.347
0.75               0.264         0.351             0.262          0.243          0.291    0.249
0.80               0.317         0.290             0.291          0.237          0.244    0.313
0.85               0.308         0.311             0.294          0.296          0.352    0.278
0.90               0.209         0.311             0.225          0.289          0.238    0.287
0.95               0.177         0.192             0.223          0.206          0.223    0.182\n\n2. DEAD NEURONS BY PATTERN & SPARSITY\n------------------------------------------------------------\nPattern   Gentle_Exp_0.9  Linear_Decay  Standard_Exp_0.7  Steep_Exp_0.5  Step_Function  Uniform
Sparsity                                                                                       
0.30                  10            10                11             15              8        8
0.50                   9             8                 8             15              6        6
0.75                   9             5                11             11              9       10
0.80                   7             8                 8             12             11        7
0.85                   7             7                 7              8              5        8
0.90                  10             6                10              8              9        7
0.95                  11             7                 6             12              8        6\n\n3. PROCRUSTES SIMILARITY BY PATTERN & SPARSITY\n------------------------------------------------------------\nPattern   Gentle_Exp_0.9  Linear_Decay  Standard_Exp_0.7  Steep_Exp_0.5  Step_Function  Uniform
Sparsity                                                                                       
0.30               0.983         0.981             0.980          0.987          0.970    0.982
0.50               0.984         0.989             0.979          0.985          0.983    0.984
0.75               0.984         0.975             0.980          0.975          0.985    0.994
0.80               0.989         0.984             0.986          0.980          0.987    0.982
0.85               0.977         0.985             0.986          0.982          0.970    0.988
0.90               0.988         0.986             0.985          0.973          0.986    0.979
0.95               0.964         0.975             0.966          0.952          0.947    0.973\n\n4. AUTOENCODER LOSS BY PATTERN & SPARSITY\n------------------------------------------------------------\nPattern   Gentle_Exp_0.9  Linear_Decay  Standard_Exp_0.7  Steep_Exp_0.5  Step_Function  Uniform
Sparsity                                                                                       
0.30              0.5379        0.7442            0.0732         0.0074         0.6653   1.6318
0.50              0.4990        0.6596            0.0752         0.0074         0.5354   1.4767
0.75              0.3190        0.3600            0.0739         0.0073         0.2702   0.8892
0.80              0.3222        0.2660            0.0543         0.0073         0.2350   0.6630
0.85              0.2600        0.2855            0.0282         0.0188         0.2544   0.5322
0.90              0.1607        0.1603            0.0351         0.0437         0.1425   0.3302
0.95              0.0610        0.1145            0.0436         0.0257         0.1194   0.1950